CALSPHERE 1             
1 00900U 64063C   26212.85743116  .00000501  00000+0  49985-3 0  9999
2 00900  90.2194  72.8138 0026096 152.4336 219.5312 13.76666534 77578
CALSPHERE 2             
1 00902U 64063E   26212.62235668  .00000071  00000+0  93300-4 0  9997
2 00902  90.2320  76.8520 0020590  97.4345 293.2068 13.52903435862275
LCS 1                   
1 01361U 65034C   26212.80385593  .00000004  00000+0 -62534-3 0  9990
2 01361  32.1425  71.0840 0012243 280.1161  79.7956  9.89310660214306
TEMPSAT 1               
1 01512U 65065E   26212.49262175  .00000022  00000+0  25393-4 0  9999
2 01512  89.9984 212.5953 0071395 123.3519   1.4665 13.33596299965950
CALSPHERE 4A            
1 01520U 65065H   26212.77713198  .00000102  00000+0  17854-3 0  9996
2 01520  89.8979 122.0486 0069591 339.5680  81.1957 13.36285610968668
OPS 5712 (P/L 160)      
1 02826U 67053A   26212.78350522  .00005967  00000+0  83039-3 0  9996
2 02826  69.9169 288.9403 0003447 296.7171  63.3624 14.78272892 72828
LES-5                   
1 02866U 67066E   26212.74562095 -.00000080  00000+0  00000+0 0  9995
2 02866   2.7238  95.0557 0051323 214.4286 302.7480  1.09425791131522
SURCAL 159              
1 02872U 67053F   26212.53924542  .00000059  00000+0  77280-4 0  9998
2 02872  69.9731 265.3231 0004780  39.0634 321.0817 13.99611694 16415
OPS 5712 (P/L 153)      
1 02874U 67053H   26212.87903259  .00000012  00000+0  47072-4 0  9994
2 02874  69.9746  19.5106 0005879 156.8048 203.3324 13.96834518 13039
RIGIDSPHERE 2 (LCS 4)   
1 05398U 71067E   26212.86933933  .00000632  00000+0  19876-3 0  9997
2 05398  87.6251 326.4048 0062147  85.0623 275.7668 14.37922053880303
OSCAR 7 (AO-7)          
1 07530U 74089B   26212.77506987 -.00000038  00000+0  52840-4 0  9999
2 07530 101.9911 226.4869 0012552  47.5003 127.4215 12.53698875366102
STARLETTE               
1 07646U 75010A   26212.69533626 -.00000115  00000+0  20810-4 0  9991
2 07646  49.8251 288.9116 0205760 210.1023 148.7912 13.82351069600699
LAGEOS 1                
1 08820U 76039A   26212.77212119  .00000010  00000+0  00000+0 0  9995
2 08820 109.8069 194.5909 0044662 292.7056 225.3327  6.38664738915980
PHASE 3B (AO-10)        
1 14129U 83058B   26209.15539846 -.00000001  00000+0  00000+0 0  9991
2 14129  25.9480 212.8256 5997235 126.9194 304.3387  2.05870810296337
UOSAT 2 (UO-11)         
1 14781U 84021B   26212.85473375  .00001570  00000+0  16482-3 0  9997
2 14781  97.8092 177.9420 0008682  44.9520 315.2399 14.90891951263781
AJISAI (EGS)            
1 16908U 86061A   26212.80411587 -.00000098  00000+0 -16057-5 0  9994
2 16908  50.0114  10.1994 0011079 294.2032 216.0511 12.44516708485945
TDRS 3                  
1 19548U 88091B   26212.23014115 -.00000291  00000+0  00000+0 0  9994
2 19548  12.5686 340.7019 0037121 354.5987   7.5641  1.00275577125832
COSMOS 1989 (ETALON 1)  
1 19751U 89001C   26212.82153204  .00000011  00000+0  00000+0 0  9999
2 19751  64.9723  70.6697 0023347 217.4480 158.0522  2.13156066292327
COSMOS 2024 (ETALON 2)  
1 20026U 89039C   26212.59960882 -.00000037  00000+0  00000+0 0  9998
2 20026  64.9047 309.0055 0020805 212.3219 158.2269  2.13204664289458
FLTSATCOM 8 (USA 46)    
1 20253U 89077A   26212.76370316 -.00000359  00000+0  00000+0 0  9995
2 20253  12.4089 350.8898 0001996 111.8354 247.3963  1.00274942261009
LUSAT (LO-19)           
1 20442U 90005G   26212.62443958  .00000100  00000+0  52488-4 0  9991
2 20442  98.8844 235.6525 0012654  77.3565 282.9033 14.34134975908762
HST                     
1 20580U 90037B   26212.86038073  .00006111  00000+0  18930-3 0  9994
2 20580  28.4725 135.1345 0001687 289.8191  70.2223 15.31226507795422
SKYNET 4C               
1 20776U 90079A   26212.82792050 -.00000019  00000+0  00000+0 0  9992
2 20776  13.3237 349.5253 0003429 145.1065 202.5022  0.98576241   470
TDRS 5                  
1 21639U 91054B   26212.52753313  .00000092  00000+0  00000+0 0  9991
2 21639  14.0655 353.4418 0007959 250.2377  87.9739  1.00280960128154
LAGEOS 2                
1 22195U 92070B   26212.54955815 -.00000009  00000+0  00000+0 0  9990
2 22195  52.6410 238.6261 0137990 206.7725 317.7973  6.47294074798290
TDRS 6                  
1 22314U 93003B   26212.85554229 -.00000289  00000+0  00000+0 0  9998
2 22314  14.1838 356.7214 0009102 188.4616  26.5021  1.00273664122856
SCD 1                   
1 22490U 93009B   26212.55253856  .00000421  00000+0  63846-4 0  9997
2 22490  24.9703 293.6468 0041643 247.5295 249.0813 14.46135176767548
UFO 2 (USA 95)          
1 22787U 93056A   26212.60191029  .00000131  00000+0  00000+0 0  9993
2 22787  11.9105   3.3034 0000977 346.0758 205.2146  1.00268437118993
STELLA                  
1 22824U 93061B   26212.85066720 -.00000018  00000+0  10833-4 0  9992
2 22824  98.7698 277.2568 0007456 104.7693   2.9993 14.27471614711149
EYESAT A (AO-27)        
1 22825U 93061C   26212.75094490  .00000092  00000+0  52087-4 0  9995
2 22825  98.6855 280.1422 0007807 337.1216  22.9618 14.30952841713372
ITAMSAT (IO-26)         
1 22826U 93061D   26212.78695541  .00000098  00000+0  53973-4 0  9994
2 22826  98.6802 280.1004 0008022 318.4303  41.6269 14.31380870713693
RADIO ROSTO (RS15)      
1 23439U 94085A   26212.54920868 -.00000042  00000+0  24167-4 0  9992
2 23439  64.8128 231.4701 0157552 355.7192   4.2376 11.27583923300902
UFO 4 (USA 108)         
1 23467U 95003A   26212.76139397 -.00000017  00000+0  00000+0 0  9994
2 23467   9.6619  12.9425 0002858 107.0772 275.7118  1.00270035115405
TDRS 7                  
1 23613U 95035B   26212.40000602 -.00000232  00000+0  00000+0 0  9998
2 23613  13.3590 347.8803 0010789  89.0177 105.3280  1.00269535113698
USA 115 (MILSTAR-1 2)   
1 23712U 95060A   26212.40600191 -.00000197  00000+0  00000+0 0  9995
2 23712  14.0880   3.4083 0006799 132.4274 229.4013  1.00273903 33338
POLAR                   
1 23802U 96013A   26211.94069318  .00000257  00000+0  00000+0 0  9998
2 23802  79.9150 226.5302 6514606 207.5768  92.8114  1.29845995145424
INMARSAT 3-F1           
1 23839U 96020A   26212.30580657  .00000114  00000+0  00000+0 0  9993
2 23839  10.6906  46.2179 0004993 108.4463 122.8022  0.99985722110694
USA 119                 
1 23893U 96029A   26212.60401193  .00002513  00000+0  40539-3 0  9992
2 23893  63.3181  75.8399 0853508  49.8917 317.3799 13.46416236111252
JAS-2 (FO-29)           
1 24278U 96046B   26212.52267756 -.00000012  00000+0  24862-4 0  9990
2 24278  98.5207  55.3171 0349534 341.5784  17.2956 13.53276024479168
INMARSAT 3-F2           
1 24307U 96053A   26212.54571690 -.00000287  00000+0  00000+0 0  9995
2 24307   9.9542  53.4743 0006067  71.1312 125.9858  0.99982859109363
INMARSAT 3-F3           
1 24674U 96070A   26212.31071971 -.00000074  00000+0  00000+0 0  9997
2 24674  10.4111  49.2188 0003924 101.9319 267.6878  0.99999545108357
NAVSTAR 43 (USA 132)    
1 24876U 97035A   26212.57538207  .00000006  00000+0  00000+0 0  9995
2 24876  56.0177  96.8394 0104461  57.9089 303.1786  2.00564085212843
FORTE                   
1 24920U 97047A   26212.57588476  .00000135  00000+0  77510-4 0  9999
2 24920  69.9528 273.7584 0023799 223.3622 136.5628 14.27961060505023
USA 134                 
1 25019U 97065A   26212.50280395 -.00000060  00000+0  00000+0 0  9994
2 25019  12.8353  21.3782 0001692 331.2697  25.2963  1.00276505 33394
ORBCOMM FM06            
1 25118U 97084G   26212.39660443  .00000944  00000+0  29282-3 0  9995
2 25118  45.0121 199.8695 0001927 282.8002 230.6114 14.47657046500792
INMARSAT 3-F5           
1 25153U 98006B   26211.93079196 -.00000288  00000+0  00000+0 0  9992
2 25153   9.7863  52.8097 0004770  75.8983 100.9218  1.00276211104332
ORBCOMM FM04            
1 25159U 98007C   26212.63639581  .00000647  00000+0  26658-3 0  9996
2 25159 107.9628 260.9070 0042079 249.0464 110.6170 14.35807174482978
CELESTIS-02 & TAURUS R/B
1 25160U 98007D   26212.55524683 -.00000020  00000+0  48327-4 0  9999
2 25160 108.0146  61.9297 0060481  56.3199  13.0181 14.22497404476820
TECHSAT 1B (GO-32)      
1 25397U 98043D   26212.52808329  .00000045  00000+0  39421-4 0  9991
2 25397  99.0099 206.4113 0002374  88.9370 271.2080 14.24436198457640
WESTPAC                 
1 25398U 98043E   26212.56334605 -.00000024  00000+0  99824-5 0  9999
2 25398  99.0172 199.6688 0002402  86.2124 273.9327 14.23055593457258
ORBCOMM FM19            
1 25415U 98046C   26212.56325752  .00000964  00000+0  35131-3 0  9996
2 25415  44.9947  32.6121 0004006 166.1262 237.3181 14.39571616463174
ORBCOMM FM20            
1 25416U 98046D   26209.27765848  .00000725  00000+0  28358-3 0  9993
2 25416  44.9944  56.6097 0000900 120.2868 239.8070 14.38117924462701
